737805 747371.3125 7177418 0 0 0 0 0.11723 0.35511 -175.3481 2.9484 255.9766
737805.0208 747371.3125 7177418 0 0 0 0 0.40832 0.57928 -171.3904 2.6136 264.6704
737805.0417 747371.3125 7177418 0 0 0 0 0.70044 0.61131 -174.348 2.4379 -86.3734
737805.0625 747371.3125 7177418 0 0 0 0 0.91109 0.53328 -171.9851 2.4207 -77.1335
737805.0833 747371.3125 7177418 0 0 0 0 0.99778 0.39412 -173.752 2.3642 -70.8812
737805.1042 747371.3125 7177418 0 0 0 0 0.9757 0.20689 -175.8531 2.2685 -67.6556
737805.125 747371.3125 7177418 0 0 0 0 0.90999 0.011013 -149.1895 2.1861 -63.0766
737805.1458 747371.3125 7177418 0 0 0 0 0.83271 0.12376 1.5607 2.117 -57.1236
737805.1667 747371.3125 7177418 0 0 0 0 0.74776 0.14269 3.5869 2.0403 -50.8455
737805.1875 747371.3125 7177418 0 0 0 0 0.72345 0.030912 -15.9045 1.956 -44.2272
737805.2083 747371.3125 7177418 0 0 0 0 0.83277 0.23914 -170.1171 1.9534 -39.0029
737805.2292 747371.3125 7177418 0 0 0 0 1.0562 0.55555 -172.2744 2.0327 -35.2021
737805.25 747371.3125 7177418 0 0 0 0 1.3449 0.76882 -174.0876 1.9922 -32.4892
737805.2708 747371.3125 7177418 0 0 0 0 1.6237 0.82353 -177.2843 1.831 -30.8656
737805.2917 747371.3125 7177418 0 0 0 0 1.8336 0.73979 -175.7798 1.5715 -35.0187
737805.3125 747371.3125 7177418 0 0 0 0 1.9412 0.51241 -178.0032 1.2134 -44.9542
737805.3333 747371.3125 7177418 0 0 0 0 1.9198 0.15512 174.602 0.88353 -77.5182
737805.3542 747371.3125 7177418 0 0 0 0 1.7419 0.20428 11.6541 0.58342 227.3729
737805.375 747371.3125 7177418 0 0 0 0 1.4125 0.45593 7.8464 0.91433 192.9307
737805.3958 747371.3125 7177418 0 0 0 0 1.0119 0.60241 12.2252 1.8817 179.2232
737805.4167 747371.3125 7177418 0 0 0 0 0.61309 0.63976 11.1016 2.7774 178.0042
737805.4375 747371.3125 7177418 0 0 0 0 0.27157 0.6091 11.0503 3.6037 189.2614
737805.4583 747371.3125 7177418 0 0 0 0 0.032772 0.5009 9.013 4.3168 195.5564
737805.4792 747371.3125 7177418 0 0 0 0 -0.05071 0.29363 9.6236 4.9126 196.844
737805.5 747371.3125 7177418 0 0 0 0 0.060554 0.05903 149.2692 5.5737 197.0541
737805.5208 747371.3125 7177418 0 0 0 0 0.3042 0.41166 -176.4715 6.302 196.1796
737805.5417 747371.3125 7177418 0 0 0 0 0.61728 0.65294 -171.9883 6.9556 196.4324
737805.5625 747371.3125 7177418 0 0 0 0 0.92652 0.70674 -174.3709 7.5362 197.8125
737805.5833 747371.3125 7177418 0 0 0 0 1.1481 0.64285 -173.9107 7.868 199.85
737805.6042 747371.3125 7177418 0 0 0 0 1.24 0.4926 -176.923 7.9488 202.5372
737805.625 747371.3125 7177418 0 0 0 0 1.2413 0.26224 178.9649 7.9277 204.6093
737805.6458 747371.3125 7177418 0 0 0 0 1.1956 0.022642 128.84 7.8041 206.0665
737805.6667 747371.3125 7177418 0 0 0 0 1.0971 0.16213 10.855 7.7138 207.9904
737805.6875 747371.3125 7177418 0 0 0 0 0.95354 0.22057 5.4027 7.6567 210.3853
737805.7083 747371.3125 7177418 0 0 0 0 0.83872 0.18995 2.5175 7.5589 213.6768
737805.7292 747371.3125 7177418 0 0 0 0 0.82153 0.051058 18.7524 7.4208 217.852
737805.75 747371.3125 7177418 0 0 0 0 0.92442 0.19745 -174.2566 7.1198 220.7454
737805.7708 747371.3125 7177418 0 0 0 0 1.096 0.44024 -171.6121 6.6542 222.3544
737805.7917 747371.3125 7177418 0 0 0 0 1.2789 0.56666 -172.1267 6.2705 224.2586
737805.8125 747371.3125 7177418 0 0 0 0 1.4214 0.50851 -174.5318 5.968 226.4624
737805.8333 747371.3125 7177418 0 0 0 0 1.4744 0.30487 -177.1171 5.7127 228.6281
737805.8542 747371.3125 7177418 0 0 0 0 1.412 0.0079082 71.6797 5.5061 230.7451
737805.875 747371.3125 7177418 0 0 0 0 1.2241 0.29787 14.8853 5.0341 234.4065
737805.8958 747371.3125 7177418 0 0 0 0 0.92434 0.47459 9.4109 4.2939 239.632
737805.9167 747371.3125 7177418 0 0 0 0 0.57044 0.576 12.6987 3.7872 244.1878
737805.9375 747371.3125 7177418 0 0 0 0 0.22831 0.58711 10.4721 3.5124 248.0853
737805.9583 747371.3125 7177418 0 0 0 0 -0.049004 0.52677 10.3333 3.3202 253.2389
737805.9792 747371.3125 7177418 0 0 0 0 -0.2116 0.38809 8.8549 3.2116 259.6281
737806 747371.3125 7177418 0 0 0 0 -0.20863 0.14219 20.501 3.0238 265.6067
737806.0208 747371.3125 7177418 0 0 0 0 -0.049448 0.19687 -177.0889 2.7555 -88.8142
737806.0417 747371.3125 7177418 0 0 0 0 0.20413 0.47788 -173.453 2.2821 -78.487
737806.0625 747371.3125 7177418 0 0 0 0 0.49314 0.59755 -172.4679 1.6024 -63.3904
737806.0833 747371.3125 7177418 0 0 0 0 0.73533 0.56447 -173.6812 1.3682 -52.2674
737806.1042 747371.3125 7177418 0 0 0 0 0.86648 0.45018 -172.2518 1.5818 -45.1834
737806.125 747371.3125 7177418 0 0 0 0 0.87471 0.28038 -173.3333 1.7094 -38.3016
737806.1458 747371.3125 7177418 0 0 0 0 0.81712 0.06838 -168.4506 1.7506 -31.6073
737806.1667 747371.3125 7177418 0 0 0 0 0.73675 0.11695 -1.0721 1.8128 -21.9053
737806.1875 747371.3125 7177418 0 0 0 0 0.62416 0.20736 7.5416 1.8964 -9.1745
737806.2083 747371.3125 7177418 0 0 0 0 0.52455 0.17793 7.8327 1.9647 -1.8446
737806.2292 747371.3125 7177418 0 0 0 0 0.52316 0.017208 1.0436 2.0176 0.032487
737806.25 747371.3125 7177418 0 0 0 0 0.66391 0.27312 -172.741 2.0274 -7.2234
737806.2708 747371.3125 7177418 0 0 0 0 0.90513 0.57333 -172.4686 1.994 -23.6953
737806.2917 747371.3125 7177418 0 0 0 0 1.1879 0.74569 -173.4559 1.9295 -29.638
737806.3125 747371.3125 7177418 0 0 0 0 1.4439 0.7549 -177.1412 1.8336 -25.074
737806.3333 747371.3125 7177418 0 0 0 0 1.6195 0.63455 -176.1471 1.541 -5.6467
737806.3542 747371.3125 7177418 0 0 0 0 1.6899 0.38355 -177.5337 1.0526 28.5981
737806.375 747371.3125 7177418 0 0 0 0 1.6369 0.041024 174.5824 1.223 62.0415
737806.3958 747371.3125 7177418 0 0 0 0 1.4434 0.26706 10.6902 2.0573 94.7562
737806.4167 747371.3125 7177418 0 0 0 0 1.1268 0.46854 8.033 2.9863 114.292
737806.4375 747371.3125 7177418 0 0 0 0 0.76301 0.56573 12.4852 4.012 120.7062
737806.4583 747371.3125 7177418 0 0 0 0 0.42119 0.56977 10.8236 4.4969 126.8338
737806.4792 747371.3125 7177418 0 0 0 0 0.15894 0.50094 10.6406 4.437 132.6448
737806.5 747371.3125 7177418 0 0 0 0 0.026549 0.34519 9.2606 4.6204 134.0027
737806.5208 747371.3125 7177418 0 0 0 0 0.079777 0.07362 35.9181 5.0494 130.8785
737806.5417 747371.3125 7177418 0 0 0 0 0.27923 0.28486 -176.6232 5.3857 125.6737
737806.5625 747371.3125 7177418 0 0 0 0 0.5621 0.5626 -172.3977 5.6302 118.3772
737806.5833 747371.3125 7177418 0 0 0 0 0.86155 0.66223 -174.9725 5.6294 112.6157
737806.6042 747371.3125 7177418 0 0 0 0 1.0991 0.61569 -172.7157 5.3823 108.4216
737806.625 747371.3125 7177418 0 0 0 0 1.2147 0.49293 -174.6551 5.1505 105.8815
737806.6458 747371.3125 7177418 0 0 0 0 1.2373 0.27559 -177.828 4.9335 105.0015
737806.6667 747371.3125 7177418 0 0 0 0 1.1969 0.024173 167.5197 5.3342 104.7317
737806.6875 747371.3125 7177418 0 0 0 0 1.099 0.17541 6.6488 6.353 105.0708
737806.7083 747371.3125 7177418 0 0 0 0 0.94449 0.26775 7.4009 7.2 104.3868
737806.7292 747371.3125 7177418 0 0 0 0 0.80008 0.26216 8.3147 7.8708 102.6797
737806.75 747371.3125 7177418 0 0 0 0 0.73613 0.15581 14.0154 8.638 102.6004
737806.7708 747371.3125 7177418 0 0 0 0 0.80031 0.085167 171.4204 9.5045 104.1604
737806.7917 747371.3125 7177418 0 0 0 0 0.97793 0.36833 -175.194 10.6333 100.227
737806.8125 747371.3125 7177418 0 0 0 0 1.1999 0.5801 -172.1414 12.0271 90.7946
737806.8333 747371.3125 7177418 0 0 0 0 1.4076 0.62134 -173.5189 12.7171 85.6023
737806.8542 747371.3125 7177418 0 0 0 0 1.5472 0.51553 -175.9009 12.6978 84.6881
737806.875 747371.3125 7177418 0 0 0 0 1.5878 0.27738 -175.8097 12.4765 85.1409
737806.8958 747371.3125 7177418 0 0 0 0 1.5152 0.027252 -5.6456 12.0513 86.9716
737806.9167 747371.3125 7177418 0 0 0 0 1.333 0.29477 14.3343 11.3793 90.5131
737806.9375 747371.3125 7177418 0 0 0 0 1.047 0.44711 8.0448 10.4589 95.7729
737806.9583 747371.3125 7177418 0 0 0 0 0.72274 0.52304 13.6218 9.7972 97.4914
737806.9792 747371.3125 7177418 0 0 0 0 0.42461 0.50962 10.519 9.3985 95.6491
737807 747371.3125 7177418 0 0 0 0 0.20823 0.42416 9.6183 9.2091 95.6049
737807.0208 747371.3125 7177418 0 0 0 0 0.12373 0.24975 9.723 9.2302 97.3717
737807.0417 747371.3125 7177418 0 0 0 0 0.20432 0.04943 157.3101 8.9235 99.8003
737807.0625 747371.3125 7177418 0 0 0 0 0.41414 0.36448 -175.694 8.2885 102.8959
737807.0833 747371.3125 7177418 0 0 0 0 0.68363 0.57168 -172.3386 7.9157 104.7296
737807.1042 747371.3125 7177418 0 0 0 0 0.94106 0.59331 -174.6872 7.8079 105.2887
737807.125 747371.3125 7177418 0 0 0 0 1.1218 0.49921 -172.7229 7.778 105.7934
737807.1458 747371.3125 7177418 0 0 0 0 1.1764 0.35285 -172.8248 7.8266 106.2446
737807.1667 747371.3125 7177418 0 0 0 0 1.1557 0.15161 -172.5957 7.9261 107.3858
737807.1875 747371.3125 7177418 0 0 0 0 1.097 0.055426 -13.8509 8.0768 109.2194
737807.2083 747371.3125 7177418 0 0 0 0 0.98688 0.19686 5.2514 8.0297 110.0613
737807.2292 747371.3125 7177418 0 0 0 0 0.8452 0.24441 11.226 7.7843 109.9044
737807.25 747371.3125 7177418 0 0 0 0 0.74898 0.18099 9.9646 7.5199 110.2675
737807.2708 747371.3125 7177418 0 0 0 0 0.76916 0.015826 82.8845 7.2354 111.1556
737807.2917 747371.3125 7177418 0 0 0 0 0.92598 0.28639 -173.4417 7.0215 111.2594
737807.3125 747371.3125 7177418 0 0 0 0 1.1697 0.56016 -172.9342 6.8775 110.5801
737807.3333 747371.3125 7177418 0 0 0 0 1.4389 0.69422 -173.1763 6.7564 109.2159
737807.3542 747371.3125 7177418 0 0 0 0 1.671 0.67995 -176.4774 6.6586 107.1714
737807.375 747371.3125 7177418 0 0 0 0 1.8207 0.54434 -176.8747 6.5463 108.0662
737807.3958 747371.3125 7177418 0 0 0 0 1.8805 0.29627 -177.4126 6.4191 111.9238
737807.4167 747371.3125 7177418 0 0 0 0 1.837 0.0054101 -18.5321 6.3928 115.1635
737807.4375 747371.3125 7177418 0 0 0 0 1.6818 0.26423 11.1005 6.4674 117.7938
737807.4583 747371.3125 7177418 0 0 0 0 1.4199 0.42362 8.5374 6.4654 119.2021
737807.4792 747371.3125 7177418 0 0 0 0 1.1266 0.49351 12.3146 6.3865 119.3779
737807.5 747371.3125 7177418 0 0 0 0 0.86969 0.47531 10.4798 6.2444 120.2833
737807.5208 747371.3125 7177418 0 0 0 0 0.70799 0.38589 10.7162 6.0382 121.9259
737807.5417 747371.3125 7177418 0 0 0 0 0.68218 0.20283 16.6895 5.881 123.0734
737807.5625 747371.3125 7177418 0 0 0 0 0.80507 0.092121 167.1929 5.7723 123.7292
737807.5833 747371.3125 7177418 0 0 0 0 1.0283 0.36807 -175.3359 5.6213 125.2205
737807.6042 747371.3125 7177418 0 0 0 0 1.2885 0.53976 -172.3504 5.4285 127.5428
737807.625 747371.3125 7177418 0 0 0 0 1.5282 0.54372 -174.4989 5.3378 129.7134
737807.6458 747371.3125 7177418 0 0 0 0 1.6502 0.45395 -172.8458 5.3498 131.7363
737807.6667 747371.3125 7177418 0 0 0 0 1.6813 0.28336 -171.3047 5.2947 134.2518
737807.6875 747371.3125 7177418 0 0 0 0 1.6438 0.057836 -155.9569 5.1725 137.2658
737807.7083 747371.3125 7177418 0 0 0 0 1.5455 0.14848 1.046 5.1498 138.7535
737807.7292 747371.3125 7177418 0 0 0 0 1.3948 0.26433 14.2905 5.2268 138.703
737807.75 747371.3125 7177418 0 0 0 0 1.2306 0.27166 7.8172 5.303 140.6441
737807.7708 747371.3125 7177418 0 0 0 0 1.1306 0.20114 10.5449 5.3787 144.5956
737807.7917 747371.3125 7177418 0 0 0 0 1.1447 0.027038 64.4012 5.4049 147.6401
737807.8125 747371.3125 7177418 0 0 0 0 1.2881 0.26573 -175.9746 5.3818 149.7856
737807.8333 747371.3125 7177418 0 0 0 0 1.5075 0.51399 -173.178 5.3189 149.2166
737807.8542 747371.3125 7177418 0 0 0 0 1.7417 0.62584 -173.1358 5.2163 145.9271
737807.875 747371.3125 7177418 0 0 0 0 1.934 0.59655 -175.2932 5.1145 143.2575
737807.8958 747371.3125 7177418 0 0 0 0 2.027 0.44438 -175.531 5.0132 141.206
737807.9167 747371.3125 7177418 0 0 0 0 2.0249 0.19115 -176.8347 4.9696 141.1564
737807.9375 747371.3125 7177418 0 0 0 0 1.9182 0.097154 1.9313 4.9838 143.1069
737807.9583 747371.3125 7177418 0 0 0 0 1.7035 0.32523 13.9434 4.9509 145.0166
737807.9792 747371.3125 7177418 0 0 0 0 1.4063 0.44391 8.3629 4.8711 146.8762
737808 747371.3125 7177418 0 0 0 0 1.0957 0.48845 12.6501 4.7973 148.8603
737808.0208 747371.3125 7177418 0 0 0 0 0.82959 0.45508 10.0057 4.7292 150.9746
737808.0417 747371.3125 7177418 0 0 0 0 0.65829 0.35045 10.5353 4.638 153.8034
737808.0625 747371.3125 7177418 0 0 0 0 0.62214 0.15355 19.6928 4.5233 157.3532
737808.0833 747371.3125 7177418 0 0 0 0 0.72007 0.13077 176.5182 4.3846 158.0174
737808.1042 747371.3125 7177418 0 0 0 0 0.90596 0.37359 -174.2913 4.2222 155.7839
737808.125 747371.3125 7177418 0 0 0 0 1.1207 0.50621 -172.0375 4.0711 153.2427
737808.1458 747371.3125 7177418 0 0 0 0 1.3182 0.48993 -174.1866 3.9309 150.3856
737808.1667 747371.3125 7177418 0 0 0 0 1.4209 0.39033 -172.7977 3.7953 148.2029
737808.1875 747371.3125 7177418 0 0 0 0 1.4334 0.22307 -169.3983 3.6642 146.6888
737808.2083 747371.3125 7177418 0 0 0 0 1.382 0.025282 -98.2749 3.4857 145.2264
737808.2292 747371.3125 7177418 0 0 0 0 1.2751 0.17812 7.4683 3.2605 143.8228
737808.25 747371.3125 7177418 0 0 0 0 1.1256 0.27218 14.5441 2.9527 143.3867
737808.2708 747371.3125 7177418 0 0 0 0 0.9712 0.25987 7.4587 2.5609 143.9239
737808.2917 747371.3125 7177418 0 0 0 0 0.88236 0.17269 11.847 2.3139 146.154
737808.3125 747371.3125 7177418 0 0 0 0 0.91428 0.038274 156.5775 2.2109 150.0814
737808.3333 747371.3125 7177418 0 0 0 0 1.0681 0.31203 -174.0395 2.2626 151.8704
737808.3542 747371.3125 7177418 0 0 0 0 1.2901 0.55065 -172.8762 2.469 151.5056
737808.375 747371.3125 7177418 0 0 0 0 1.5346 0.64088 -173.5544 2.6196 150.6129
737808.3958 747371.3125 7177418 0 0 0 0 1.7231 0.61757 -175.4236 2.7142 149.186
737808.4167 747371.3125 7177418 0 0 0 0 1.8349 0.49172 -175.9852 2.7049 146.7414
737808.4375 747371.3125 7177418 0 0 0 0 1.8634 0.27525 -177.7272 2.5919 143.2739
737808.4583 747371.3125 7177418 0 0 0 0 1.7984 0.011368 -168.0993 2.3613 141.0893
737808.4792 747371.3125 7177418 0 0 0 0 1.6394 0.21688 8.9272 2.014 140.202
737808.5 747371.3125 7177418 0 0 0 0 1.3938 0.35562 9.4038 1.8592 144.4057
737808.5208 747371.3125 7177418 0 0 0 0 1.1358 0.4092 10.442 1.8981 153.7472
737808.5417 747371.3125 7177418 0 0 0 0 0.90915 0.38628 11.1454 2.0244 164.8804
737808.5625 747371.3125 7177418 0 0 0 0 0.76184 0.29604 8.8501 2.2386 177.8313
737808.5833 747371.3125 7177418 0 0 0 0 0.72592 0.13223 15.4491 2.5556 185.739
737808.6042 747371.3125 7177418 0 0 0 0 0.79542 0.095818 175.3922 2.9741 188.5502
737808.625 747371.3125 7177418 0 0 0 0 0.9326 0.28935 -174.5654 3.3159 189.5365
737808.6458 747371.3125 7177418 0 0 0 0 1.0908 0.39798 -172.5334 3.581 188.687
737808.6667 747371.3125 7177418 0 0 0 0 1.2216 0.38675 -171.8746 3.7506 188.7644
737808.6875 747371.3125 7177418 0 0 0 0 1.2859 0.29303 -172.641 3.8252 189.7683
737808.7083 747371.3125 7177418 0 0 0 0 1.2825 0.13385 -173.6253 3.8384 192.2554
737808.7292 747371.3125 7177418 0 0 0 0 1.2225 0.045054 4.8542 3.7901 196.2184
737808.75 747371.3125 7177418 0 0 0 0 1.1204 0.17568 12.2746 3.9094 200.9478
737808.7708 747371.3125 7177418 0 0 0 0 0.99703 0.21511 12.4777 4.1976 206.4602
737808.7917 747371.3125 7177418 0 0 0 0 0.89735 0.16992 7.5408 4.3825 210.7441
737808.8125 747371.3125 7177418 0 0 0 0 0.87862 0.039318 5.0305 4.4646 213.8109
737808.8333 747371.3125 7177418 0 0 0 0 0.97414 0.19208 -171.78 4.4032 217.7146
737808.8542 747371.3125 7177418 0 0 0 0 1.1543 0.42789 -173.5048 4.1984 222.4395
737808.875 747371.3125 7177418 0 0 0 0 1.3757 0.58556 -173.3349 3.9218 226.0104
737808.8958 747371.3125 7177418 0 0 0 0 1.5863 0.61347 -174.6228 3.5721 228.4275
737808.9167 747371.3125 7177418 0 0 0 0 1.7396 0.5381 -175.6453 3.2487 232.279
737808.9375 747371.3125 7177418 0 0 0 0 1.818 0.36443 -175.6328 2.9506 237.5733
737808.9583 747371.3125 7177418 0 0 0 0 1.8049 0.11787 -173.7998 2.6761 244.3521
737808.9792 747371.3125 7177418 0 0 0 0 1.6941 0.1362 3.0517 2.4263 252.5877
737809 747371.3125 7177418 0 0 0 0 1.4799 0.32089 13.2264 2.1811 263.5993
737809.0208 747371.3125 7177418 0 0 0 0 1.2136 0.41127 7.9405 1.94 -82.567
737809.0417 747371.3125 7177418 0 0 0 0 0.94963 0.43196 12.2109 1.8734 -68.0489
737809.0625 747371.3125 7177418 0 0 0 0 0.73882 0.38198 8.884 1.9809 -52.8116
737809.0833 747371.3125 7177418 0 0 0 0 0.62181 0.26668 9.7415 2.1216 -41.0915
737809.1042 747371.3125 7177418 0 0 0 0 0.62192 0.076807 27.7803 2.295 -32.9556
737809.125 747371.3125 7177418 0 0 0 0 0.7245 0.16406 -178.988 2.3973 -27.6429
737809.1458 747371.3125 7177418 0 0 0 0 0.88852 0.3464 -174.3525 2.4285 -25.1617
737809.1667 747371.3125 7177418 0 0 0 0 1.0675 0.43298 -172.0395 2.3626 -22.1716
737809.1875 747371.3125 7177418 0 0 0 0 1.2061 0.40208 -172.8926 2.1996 -18.6657
737809.2083 747371.3125 7177418 0 0 0 0 1.2663 0.29369 -174.2814 2.0344 -12.6925
737809.2292 747371.3125 7177418 0 0 0 0 1.2557 0.1173 -172.1022 1.8677 -4.2724
737809.25 747371.3125 7177418 0 0 0 0 1.1802 0.073749 7.8767 1.776 5.0488
737809.2708 747371.3125 7177418 0 0 0 0 1.0584 0.21731 15.0584 1.7596 15.2995
737809.2917 747371.3125 7177418 0 0 0 0 0.90487 0.26187 9.6796 1.7957 21.258
737809.3125 747371.3125 7177418 0 0 0 0 0.7691 0.23494 9.0767 1.8845 22.942
737809.3333 747371.3125 7177418 0 0 0 0 0.70733 0.12805 12.4892 1.8403 26.9429
737809.3542 747371.3125 7177418 0 0 0 0 0.76329 0.089712 179.5013 1.663 33.2487
737809.375 747371.3125 7177418 0 0 0 0 0.92706 0.34917 -173.4942 1.5779 41.0364
737809.3958 747371.3125 7177418 0 0 0 0 1.1483 0.55569 -172.5925 1.5852 50.3348
737809.4167 747371.3125 7177418 0 0 0 0 1.3832 0.62812 -174.0654 1.8228 59.2547
737809.4375 747371.3125 7177418 0 0 0 0 1.5761 0.60584 -175.4109 2.291 67.8182
737809.4583 747371.3125 7177418 0 0 0 0 1.705 0.50051 -175.4663 2.5267 78.8204
737809.4792 747371.3125 7177418 0 0 0 0 1.761 0.31519 -176.851 2.528 92.2168
737809.5 747371.3125 7177418 0 0 0 0 1.7341 0.080198 -175.6004 2.4306 111.0663
737809.5208 747371.3125 7177418 0 0 0 0 1.6279 0.13708 3.5912 2.2335 135.4528
737809.5417 747371.3125 7177418 0 0 0 0 1.4335 0.28699 10.0276 2.3241 154.0765
737809.5625 747371.3125 7177418 0 0 0 0 1.2009 0.3586 7.8009 2.7023 166.9872
737809.5833 747371.3125 7177418 0 0 0 0 0.97867 0.36288 11.7656 3.1327 176.7004
737809.6042 747371.3125 7177418 0 0 0 0 0.81083 0.30567 9.4803 3.6131 183.1598
737809.625 747371.3125 7177418 0 0 0 0 0.71981 0.1996 8.6779 3.9635 185.1097
737809.6458 747371.3125 7177418 0 0 0 0 0.70354 0.052264 26.3806 4.1836 182.5218
737809.6667 747371.3125 7177418 0 0 0 0 0.75079 0.10577 -179.2088 4.3811 183.8781
737809.6875 747371.3125 7177418 0 0 0 0 0.83216 0.20335 -173.3527 4.5565 189.1786
737809.7083 747371.3125 7177418 0 0 0 0 0.91566 0.23548 -172.3509 4.6372 193.5796
737809.7292 747371.3125 7177418 0 0 0 0 0.97529 0.20531 -171.4203 4.6227 197.0569
737809.75 747371.3125 7177418 0 0 0 0 0.9909 0.12592 -169.8977 4.6945 198.3824
737809.7708 747371.3125 7177418 0 0 0 0 0.96935 0.020255 -150.3815 4.8535 197.5433
737809.7917 747371.3125 7177418 0 0 0 0 0.9228 0.059919 4.4334 5.0483 197.3709
737809.8125 747371.3125 7177418 0 0 0 0 0.87631 0.078615 10.5903 5.2793 197.8639
737809.8333 747371.3125 7177418 0 0 0 0 0.85901 0.01949 22.4082 5.4293 198.2228
737809.8542 747371.3125 7177418 0 0 0 0 0.9065 0.11611 -172.9928 5.4972 198.4457
737809.875 747371.3125 7177418 0 0 0 0 1.0238 0.28688 -173.3997 5.5651 198.6685
737809.8958 747371.3125 7177418 0 0 0 0 1.1939 0.45267 -173.0318 5.6332 198.8918
737809.9167 747371.3125 7177418 0 0 0 0 1.387 0.54277 -173.2093 5.7011 199.1146
737809.9375 747371.3125 7177418 0 0 0 0 1.5667 0.54562 -174.3689 5.769 199.3374
737809.9583 747371.3125 7177418 0 0 0 0 1.6996 0.45266 -174.7308 5.6669 198.9122
737809.9792 747371.3125 7177418 0 0 0 0 1.7628 0.28087 -175.577 5.3949 197.8389
737810 747371.3125 7177418 0 0 0 0 1.7435 0.059307 -174.4985 5.1229 196.7657
737810.0208 747371.3125 7177418 0 0 0 0 1.6254 0.15191 6.9485 4.8502 195.6898
737810.0417 747371.3125 7177418 0 0 0 0 1.4186 0.3014 12.9282 4.5781 194.6166
737810.0625 747371.3125 7177418 0 0 0 0 1.1673 0.37277 7.0564 4.3061 193.5434
737810.0833 747371.3125 7177418 0 0 0 0 0.92362 0.38811 11.4491 4.109 191.4196
737810.1042 747371.3125 7177418 0 0 0 0 0.7323 0.33973 8.7813 3.9879 188.2522
737810.125 747371.3125 7177418 0 0 0 0 0.61834 0.24116 9.3323 3.8669 185.0846
737810.1458 747371.3125 7177418 0 0 0 0 0.59848 0.088099 25.8247 3.7456 181.9096
737810.1667 747371.3125 7177418 0 0 0 0 0.6595 0.10072 176.2052 3.6246 178.7422
737810.1875 747371.3125 7177418 0 0 0 0 0.77006 0.23898 -174.0854 3.5035 175.5746
737810.2083 747371.3125 7177418 0 0 0 0 0.89564 0.31571 -172.8691 3.38 171.5689
737810.2292 747371.3125 7177418 0 0 0 0 0.99262 0.30743 -170.5573 3.2544 166.7413
737810.25 747371.3125 7177418 0 0 0 0 1.0339 0.21393 -169.9111 3.1287 161.9136
737810.2708 747371.3125 7177418 0 0 0 0 1.0143 0.061629 -165.2396 3.0029 157.0745
737810.2917 747371.3125 7177418 0 0 0 0 0.93548 0.097246 2.8354 2.8773 152.2469
737810.3125 747371.3125 7177418 0 0 0 0 0.81779 0.20886 12.4252 2.7516 147.4192
737810.3333 747371.3125 7177418 0 0 0 0 0.6751 0.24235 11.8439 2.8613 144.6783
737810.3542 747371.3125 7177418 0 0 0 0 0.55409 0.20562 8.5686 3.2066 144.044
737810.375 747371.3125 7177418 0 0 0 0 0.50723 0.091553 10.2223 3.5518 143.4096
737810.3958 747371.3125 7177418 0 0 0 0 0.57425 0.12127 -174.7044 3.8979 142.7737
737810.4167 747371.3125 7177418 0 0 0 0 0.74118 0.36363 -173.0477 4.2431 142.1393
737810.4375 747371.3125 7177418 0 0 0 0 0.96844 0.5608 -172.9889 4.5883 141.5049
737810.4583 747371.3125 7177418 0 0 0 0 1.2166 0.63432 -174.4535 4.8229 141.0788
737810.4792 747371.3125 7177418 0 0 0 0 1.4258 0.62545 -175.4163 4.9455 140.8638
737810.5 747371.3125 7177418 0 0 0 0 1.5801 0.53857 -175.5038 5.068 140.6487
737810.5208 747371.3125 7177418 0 0 0 0 1.6626 0.3668 -177.154 5.1908 140.4332
737810.5417 747371.3125 7177418 0 0 0 0 1.6604 0.1317 179.0838 5.3133 140.2182
737810.5625 747371.3125 7177418 0 0 0 0 1.5627 0.099329 3.9404 5.4358 140.0031
737810.5833 747371.3125 7177418 0 0 0 0 1.3618 0.27494 9.4098 5.399 140.3827
737810.6042 747371.3125 7177418 0 0 0 0 1.1015 0.3824 7.8805 5.2026 141.3568
737810.625 747371.3125 7177418 0 0 0 0 0.83059 0.42018 11.8531 5.0063 142.3309
737810.6458 747371.3125 7177418 0 0 0 0 0.60065 0.39967 9.9878 4.8093 143.3073
737810.6667 747371.3125 7177418 0 0 0 0 0.42812 0.3375 9.4701 4.613 144.2815
737810.6875 747371.3125 7177418 0 0 0 0 0.32617 0.23434 12.0907 4.4166 145.2556
737810.7083 747371.3125 7177418 0 0 0 0 0.30226 0.098624 27.3329 4.2739 146.7627
737810.7292 747371.3125 7177418 0 0 0 0 0.34371 0.053626 160.4646 4.1859 148.7971
737810.75 747371.3125 7177418 0 0 0 0 0.43219 0.14554 -175.5888 4.0978 150.8315
737810.7708 747371.3125 7177418 0 0 0 0 0.53633 0.19472 -174.0592 4.0095 152.8708
737810.7917 747371.3125 7177418 0 0 0 0 0.63338 0.20533 -171.5573 3.9215 154.9053
737810.8125 747371.3125 7177418 0 0 0 0 0.70702 0.18573 -170.0905 3.8334 156.9397
737810.8333 747371.3125 7177418 0 0 0 0 0.76238 0.15351 -166.9315 3.6982 156.4556
737810.8542 747371.3125 7177418 0 0 0 0 0.81487 0.13066 -168.2797 3.5164 153.4474
737810.875 747371.3125 7177418 0 0 0 0 0.87622 0.14418 -170.2667 3.3347 150.439
737810.8958 747371.3125 7177418 0 0 0 0 1.0845 0.20289 -172.9714 3.1525 147.4235
737810.9167 747371.3125 7177418 0 0 0 0 1.2046 0.2894 -173.8333 2.9707 144.4153
737810.9375 747371.3125 7177418 0 0 0 0 1.3499 0.37984 -171.8468 2.7889 141.4069
737810.9583 747371.3125 7177418 0 0 0 0 1.5122 0.43551 -171.8179 2.6887 137.3087
737810.9792 747371.3125 7177418 0 0 0 0 1.663 0.42913 -173.8625 2.6707 132.1367
737811 747371.3125 7177418 0 0 0 0 1.7771 0.35475 -176.5284 2.6527 126.9645
737811.0208 747371.3125 7177418 0 0 0 0 1.833 0.21669 -178.043 2.6348 121.7802
737811.0417 747371.3125 7177418 0 0 0 0 1.8093 0.036346 168.1199 2.6168 116.6082
737811.0625 747371.3125 7177418 0 0 0 0 1.6988 0.1452 14.2668 2.5988 111.436
737811.0833 747371.3125 7177418 0 0 0 0 1.5093 0.27028 12.1288 2.6088 103.5656
737811.1042 747371.3125 7177418 0 0 0 0 1.2762 0.33886 6.5555 2.6469 93.0258
737811.125 747371.3125 7177418 0 0 0 0 1.0459 0.36198 10.4088 2.685 82.4859
737811.1458 747371.3125 7177418 0 0 0 0 0.8532 0.3303 8.2411 2.7232 71.921
737811.1667 747371.3125 7177418 0 0 0 0 0.72036 0.25696 6.5345 2.7612 61.3812
737811.1875 747371.3125 7177418 0 0 0 0 0.66385 0.13668 9.7013 2.7993 50.8413
737811.2083 747371.3125 7177418 0 0 0 0 0.68489 0.025401 146.6686 2.9201 46.0346
737811.2292 747371.3125 7177418 0 0 0 0 0.7622 0.1608 -175.5553 3.1232 47.0024
737811.25 747371.3125 7177418 0 0 0 0 0.86707 0.24704 -173.7313 3.3264 47.9701
737811.2708 747371.3125 7177418 0 0 0 0 0.96733 0.26949 -171.5403 3.53 48.9402
737811.2917 747371.3125 7177418 0 0 0 0 1.0267 0.22169 -169.4012 3.7331 49.9079
737811.3125 747371.3125 7177418 0 0 0 0 1.0318 0.11039 -164.6846 3.9363 50.8756
737811.3333 747371.3125 7177418 0 0 0 0 0.98463 0.032743 -16.4152 4.0689 54.9933
737811.3542 747371.3125 7177418 0 0 0 0 0.8978 0.14135 8.7581 4.1302 62.2512
737811.375 747371.3125 7177418 0 0 0 0 0.79248 0.18846 13.5505 4.1914 69.5093
737811.3958 747371.3125 7177418 0 0 0 0 0.69996 0.15669 9.9642 4.2527 76.7846
737811.4167 747371.3125 7177418 0 0 0 0 0.6729 0.045542 4.3183 4.314 84.0426
737811.4375 747371.3125 7177418 0 0 0 0 0.75279 0.16492 -171.801 4.3752 91.3007
737811.4583 747371.3125 7177418 0 0 0 0 0.92835 0.40132 -173.3286 4.4093 98.2662
737811.4792 747371.3125 7177418 0 0 0 0 1.1678 0.59389 -172.9555 4.4161 104.9051
737811.5 747371.3125 7177418 0 0 0 0 1.4253 0.67918 -175.3748 4.4229 111.5441
737811.5208 747371.3125 7177418 0 0 0 0 1.6541 0.68018 -175.3184 4.4298 118.1989
737811.5417 747371.3125 7177418 0 0 0 0 1.8253 0.5879 -175.7544 4.4365 124.8378
737811.5625 747371.3125 7177418 0 0 0 0 1.9179 0.39323 -179.1543 4.4434 131.4769
737811.5833 747371.3125 7177418 0 0 0 0 1.9133 0.12644 171.5352 4.4203 138.5779
737811.6042 747371.3125 7177418 0 0 0 0 1.7903 0.13799 11.3343 4.3671 146.1089
737811.625 747371.3125 7177418 0 0 0 0 1.5479 0.33446 8.6017 4.314 153.64
737811.6458 747371.3125 7177418 0 0 0 0 1.2324 0.46461 9.3993 4.2608 161.1889
737811.6667 747371.3125 7177418 0 0 0 0 0.90398 0.51384 11.7707 4.2077 168.7198
737811.6875 747371.3125 7177418 0 0 0 0 0.60645 0.50884 10.5824 4.1545 176.2509
737811.7083 747371.3125 7177418 0 0 0 0 0.36274 0.455 9.923 4.0646 181.4255
737811.7292 747371.3125 7177418 0 0 0 0 0.1956 0.35403 8.2311 3.9383 184.2118
737811.75 747371.3125 7177418 0 0 0 0 0.12676 0.19822 12.884 3.8119 186.9981
737811.7708 747371.3125 7177418 0 0 0 0 0.16254 0.031517 101.8926 3.6852 189.7912
737811.7917 747371.3125 7177418 0 0 0 0 0.28833 0.1861 -176.5435 3.5588 192.5774
737811.8125 747371.3125 7177418 0 0 0 0 0.47341 0.31133 -174.1871 3.4325 195.3637
737811.8333 747371.3125 7177418 0 0 0 0 0.67148 0.37411 -169.894 3.2788 199.4885
737811.8542 747371.3125 7177418 0 0 0 0 0.83894 0.37416 -172.4964 3.0985 204.9362
737811.875 747371.3125 7177418 0 0 0 0 0.96248 0.34256 -174.1148 2.9182 210.384
737811.8958 747371.3125 7177418 0 0 0 0 1.0565 0.30937 -171.0841 2.7376 215.8449
737811.9167 747371.3125 7177418 0 0 0 0 1.1517 0.28277 -170.8242 2.5573 221.2926
737811.9375 747371.3125 7177418 0 0 0 0 1.2576 0.28128 -171.9337 2.377 226.7404
737811.9583 747371.3125 7177418 0 0 0 0 1.37 0.30955 -174.2067 2.2264 237.6333
737811.9792 747371.3125 7177418 0 0 0 0 1.495 0.34958 -175.8319 2.1062 253.9363
737812 747371.3125 7177418 0 0 0 0 1.6296 0.3778 -175.9049 1.9861 91.9539
